
 Note: top row and left column are buffers to account for 1-based indexing
 and values of 100 are null


s = ababab
j = 3

================ A ================


m = 1 
[[100 100 100 100 100 100 100]
 [100 100 100 100 100 100 100]
 [100 100 100 100 100 100 100]
 [100 100 100 100 100 100 100]
 [100 100 100 100 100 100 100]
 [100 100 100 100 100 100 100]
 [100 100 100 100 100 100 100]]

m = 2 
[[100 100 100 100 100 100 100]
 [100 100 100 100 100 100 100]
 [100 100 100 100 100 100 100]
 [100 100 100 100 100 100 100]
 [100 100 100 100 100 100 100]
 [100 100 100 100 100 100 100]
 [100 100 100 100 100 100 100]]

m = 3 
[[100 100 100 100 100 100 100]
 [100 100 100 101 100 100 100]
 [100 100 100 101 100 100 100]
 [100 100 100 101 100 100 100]
 [100 100 100 100 100 100 100]
 [100 100 100 100 100 100 100]
 [100 100 100 100 100 100 100]]

m = 4 
[[100 100 100 100 100 100 100]
 [100 100 100   3 101 100 100]
 [100 100 100   3 101 100 100]
 [100 100 100 101 101 100 100]
 [100 100 100 101 101 100 100]
 [100 100 100 100 100 100 100]
 [100 100 100 100 100 100 100]]

m = 5 
[[100 100 100 100 100 100 100]
 [100 100 100   4   4 101 100]
 [100 100 100   3   4 101 100]
 [100 100 100 101 101 101 100]
 [100 100 100 101 101 101 100]
 [100 100 100 101 101 101 100]
 [100 100 100 100 100 100 100]]

m = 6 
[[100 100 100 100 100 100 100]
 [100 100 100   4   4   5 101]
 [100 100 100   3   3 101 101]
 [100 100 100 101 101 101 101]
 [100 100 100 101 101 101 101]
 [100 100 100 101 101 101 101]
 [100 100 100 101 101 101 101]]