
 Note: top row and left column are buffers to account for 1-based indexing
 and values of 100 are null


s = abcadbaby
j = 5

=================== A ===================


m = 1 
[[100 100 100 100 100 100 100 100 100 100]
 [100 100 100 100 100 100 100 100 100 100]
 [100 100 100 100 100 100 100 100 100 100]
 [100 100 100 100 100 100 100 100 100 100]
 [100 100 100 100 100 100 100 100 100 100]
 [100 100 100 100 100 100 100 100 100 100]
 [100 100 100 100 100 100 100 100 100 100]
 [100 100 100 100 100 100 100 100 100 100]
 [100 100 100 100 100 100 100 100 100 100]
 [100 100 100 100 100 100 100 100 100 100]]

m = 2 
[[100 100 100 100 100 100 100 100 100 100]
 [100 100 100 100 100 100 100 100 100 100]
 [100 100 100 100 100 100 100 100 100 100]
 [100 100 100 100 100 100 100 100 100 100]
 [100 100 100 100 100 100 100 100 100 100]
 [100 100 100 100 100 100 100 100 100 100]
 [100 100 100 100 100 100 100 100 100 100]
 [100 100 100 100 100 100 100 100 100 100]
 [100 100 100 100 100 100 100 100 100 100]
 [100 100 100 100 100 100 100 100 100 100]]

m = 3 
[[100 100 100 100 100 100 100 100 100 100]
 [100 100 100 100 100 100 100 100 100 100]
 [100 100 100 100 100 100 100 100 100 100]
 [100 100 100 100 100 100 100 100 100 100]
 [100 100 100 100 100 100 100 100 100 100]
 [100 100 100 100 100 100 100 100 100 100]
 [100 100 100 100 100 100 100 100 100 100]
 [100 100 100 100 100 100 100 100 100 100]
 [100 100 100 100 100 100 100 100 100 100]
 [100 100 100 100 100 100 100 100 100 100]]

m = 4 
[[100 100 100 100 100 100 100 100 100 100]
 [100 100 100 100 100 100 100 100 100 100]
 [100 100 100 100 100 100 100 100 100 100]
 [100 100 100 100 100 100 100 100 100 100]
 [100 100 100 100 100 100 100 100 100 100]
 [100 100 100 100 100 100 100 100 100 100]
 [100 100 100 100 100 100 100 100 100 100]
 [100 100 100 100 100 100 100 100 100 100]
 [100 100 100 100 100 100 100 100 100 100]
 [100 100 100 100 100 100 100 100 100 100]]

m = 5 
[[100 100 100 100 100 100 100 100 100 100]
 [100 100 100 100 100 100 100 100 100 100]
 [100 100 100 100 100 100 100 100 100 100]
 [100 100 100 100 100 100 100 100 100 100]
 [100 100 100 100 100 100 100 100 100 100]
 [100 100 100 100 100 100 100 100 100 100]
 [100 100 100 100 100 100 100 100 100 100]
 [100 100 100 100 100 100 100 100 100 100]
 [100 100 100 100 100 100 100 100 100 100]
 [100 100 100 100 100 100 100 100 100 100]]

m = 6 
[[100 100 100 100 100 100 100 100 100 100]
 [100 100 100 100 100   5 100 100 100 100]
 [100 100 100 100 100   5 100 100 100 100]
 [100 100 100 100 100   5 100 100 100 100]
 [100 100 100 100 100   5 100 100 100 100]
 [100 100 100 100 100 100 100 100 100 100]
 [100 100 100 100 100 100 100 100 100 100]
 [100 100 100 100 100 100 100 100 100 100]
 [100 100 100 100 100 100 100 100 100 100]
 [100 100 100 100 100 100 100 100 100 100]]

m = 7 
[[100 100 100 100 100 100 100 100 100 100]
 [100 100 100 100 100   5   6 100 100 100]
 [100 100 100 100 100   5   6 100 100 100]
 [100 100 100 100 100   5   6 100 100 100]
 [100 100 100 100 100   5   6 100 100 100]
 [100 100 100 100 100 100 100 100 100 100]
 [100 100 100 100 100 100 100 100 100 100]
 [100 100 100 100 100 100 100 100 100 100]
 [100 100 100 100 100 100 100 100 100 100]
 [100 100 100 100 100 100 100 100 100 100]]

m = 8 
[[100 100 100 100 100 100 100 100 100 100]
 [100 100 100 100 100   5   6   7 100 100]
 [100 100 100 100 100   5 100   7 100 100]
 [100 100 100 100 100   5   6   7 100 100]
 [100 100 100 100 100   5   6   7 100 100]
 [100 100 100 100 100 100 100 100 100 100]
 [100 100 100 100 100 100 100 100 100 100]
 [100 100 100 100 100 100 100 100 100 100]
 [100 100 100 100 100 100 100 100 100 100]
 [100 100 100 100 100 100 100 100 100 100]]

m = 9 
[[100 100 100 100 100 100 100 100 100 100]
 [100 100 100 100 100   5   6   7   8 100]
 [100 100 100 100 100   5   8   7   8 100]
 [100 100 100 100 100   5   6   6   8 100]
 [100 100 100 100 100   5   6   6   8 100]
 [100 100 100 100 100 100 100 100 100 100]
 [100 100 100 100 100 100 100 100 100 100]
 [100 100 100 100 100 100 100 100 100 100]
 [100 100 100 100 100 100 100 100 100 100]
 [100 100 100 100 100 100 100 100 100 100]]