
 Note: top row and left column are buffers to account for 1-based indexing
 and values of 100 are null


s = abcdabcdaabbccdd
j = 5

========================== A ==========================


m = 1 
[[100 100 100 100 100 100 100 100 100 100 100 100 100 100 100 100 100]
 [100 100 100 100 100 100 100 100 100 100 100 100 100 100 100 100 100]
 [100 100 100 100 100 100 100 100 100 100 100 100 100 100 100 100 100]
 [100 100 100 100 100 100 100 100 100 100 100 100 100 100 100 100 100]
 [100 100 100 100 100 100 100 100 100 100 100 100 100 100 100 100 100]
 [100 100 100 100 100 100 100 100 100 100 100 100 100 100 100 100 100]
 [100 100 100 100 100 100 100 100 100 100 100 100 100 100 100 100 100]
 [100 100 100 100 100 100 100 100 100 100 100 100 100 100 100 100 100]
 [100 100 100 100 100 100 100 100 100 100 100 100 100 100 100 100 100]
 [100 100 100 100 100 100 100 100 100 100 100 100 100 100 100 100 100]
 [100 100 100 100 100 100 100 100 100 100 100 100 100 100 100 100 100]
 [100 100 100 100 100 100 100 100 100 100 100 100 100 100 100 100 100]
 [100 100 100 100 100 100 100 100 100 100 100 100 100 100 100 100 100]
 [100 100 100 100 100 100 100 100 100 100 100 100 100 100 100 100 100]
 [100 100 100 100 100 100 100 100 100 100 100 100 100 100 100 100 100]
 [100 100 100 100 100 100 100 100 100 100 100 100 100 100 100 100 100]
 [100 100 100 100 100 100 100 100 100 100 100 100 100 100 100 100 100]]

m = 2 
[[100 100 100 100 100 100 100 100 100 100 100 100 100 100 100 100 100]
 [100 100 100 100 100 100 100 100 100 100 100 100 100 100 100 100 100]
 [100 100 100 100 100 100 100 100 100 100 100 100 100 100 100 100 100]
 [100 100 100 100 100 100 100 100 100 100 100 100 100 100 100 100 100]
 [100 100 100 100 100 100 100 100 100 100 100 100 100 100 100 100 100]
 [100 100 100 100 100 100 100 100 100 100 100 100 100 100 100 100 100]
 [100 100 100 100 100 100 100 100 100 100 100 100 100 100 100 100 100]
 [100 100 100 100 100 100 100 100 100 100 100 100 100 100 100 100 100]
 [100 100 100 100 100 100 100 100 100 100 100 100 100 100 100 100 100]
 [100 100 100 100 100 100 100 100 100 100 100 100 100 100 100 100 100]
 [100 100 100 100 100 100 100 100 100 100 100 100 100 100 100 100 100]
 [100 100 100 100 100 100 100 100 100 100 100 100 100 100 100 100 100]
 [100 100 100 100 100 100 100 100 100 100 100 100 100 100 100 100 100]
 [100 100 100 100 100 100 100 100 100 100 100 100 100 100 100 100 100]
 [100 100 100 100 100 100 100 100 100 100 100 100 100 100 100 100 100]
 [100 100 100 100 100 100 100 100 100 100 100 100 100 100 100 100 100]
 [100 100 100 100 100 100 100 100 100 100 100 100 100 100 100 100 100]]

m = 3 
[[100 100 100 100 100 100 100 100 100 100 100 100 100 100 100 100 100]
 [100 100 100 100 100 100 100 100 100 100 100 100 100 100 100 100 100]
 [100 100 100 100 100 100 100 100 100 100 100 100 100 100 100 100 100]
 [100 100 100 100 100 100 100 100 100 100 100 100 100 100 100 100 100]
 [100 100 100 100 100 100 100 100 100 100 100 100 100 100 100 100 100]
 [100 100 100 100 100 100 100 100 100 100 100 100 100 100 100 100 100]
 [100 100 100 100 100 100 100 100 100 100 100 100 100 100 100 100 100]
 [100 100 100 100 100 100 100 100 100 100 100 100 100 100 100 100 100]
 [100 100 100 100 100 100 100 100 100 100 100 100 100 100 100 100 100]
 [100 100 100 100 100 100 100 100 100 100 100 100 100 100 100 100 100]
 [100 100 100 100 100 100 100 100 100 100 100 100 100 100 100 100 100]
 [100 100 100 100 100 100 100 100 100 100 100 100 100 100 100 100 100]
 [100 100 100 100 100 100 100 100 100 100 100 100 100 100 100 100 100]
 [100 100 100 100 100 100 100 100 100 100 100 100 100 100 100 100 100]
 [100 100 100 100 100 100 100 100 100 100 100 100 100 100 100 100 100]
 [100 100 100 100 100 100 100 100 100 100 100 100 100 100 100 100 100]
 [100 100 100 100 100 100 100 100 100 100 100 100 100 100 100 100 100]]

m = 4 
[[100 100 100 100 100 100 100 100 100 100 100 100 100 100 100 100 100]
 [100 100 100 100 100 100 100 100 100 100 100 100 100 100 100 100 100]
 [100 100 100 100 100 100 100 100 100 100 100 100 100 100 100 100 100]
 [100 100 100 100 100 100 100 100 100 100 100 100 100 100 100 100 100]
 [100 100 100 100 100 100 100 100 100 100 100 100 100 100 100 100 100]
 [100 100 100 100 100 100 100 100 100 100 100 100 100 100 100 100 100]
 [100 100 100 100 100 100 100 100 100 100 100 100 100 100 100 100 100]
 [100 100 100 100 100 100 100 100 100 100 100 100 100 100 100 100 100]
 [100 100 100 100 100 100 100 100 100 100 100 100 100 100 100 100 100]
 [100 100 100 100 100 100 100 100 100 100 100 100 100 100 100 100 100]
 [100 100 100 100 100 100 100 100 100 100 100 100 100 100 100 100 100]
 [100 100 100 100 100 100 100 100 100 100 100 100 100 100 100 100 100]
 [100 100 100 100 100 100 100 100 100 100 100 100 100 100 100 100 100]
 [100 100 100 100 100 100 100 100 100 100 100 100 100 100 100 100 100]
 [100 100 100 100 100 100 100 100 100 100 100 100 100 100 100 100 100]
 [100 100 100 100 100 100 100 100 100 100 100 100 100 100 100 100 100]
 [100 100 100 100 100 100 100 100 100 100 100 100 100 100 100 100 100]]

m = 5 
[[100 100 100 100 100 100 100 100 100 100 100 100 100 100 100 100 100]
 [100 100 100 100 100 100 100 100 100 100 100 100 100 100 100 100 100]
 [100 100 100 100 100 100 100 100 100 100 100 100 100 100 100 100 100]
 [100 100 100 100 100 100 100 100 100 100 100 100 100 100 100 100 100]
 [100 100 100 100 100 100 100 100 100 100 100 100 100 100 100 100 100]
 [100 100 100 100 100 100 100 100 100 100 100 100 100 100 100 100 100]
 [100 100 100 100 100 100 100 100 100 100 100 100 100 100 100 100 100]
 [100 100 100 100 100 100 100 100 100 100 100 100 100 100 100 100 100]
 [100 100 100 100 100 100 100 100 100 100 100 100 100 100 100 100 100]
 [100 100 100 100 100 100 100 100 100 100 100 100 100 100 100 100 100]
 [100 100 100 100 100 100 100 100 100 100 100 100 100 100 100 100 100]
 [100 100 100 100 100 100 100 100 100 100 100 100 100 100 100 100 100]
 [100 100 100 100 100 100 100 100 100 100 100 100 100 100 100 100 100]
 [100 100 100 100 100 100 100 100 100 100 100 100 100 100 100 100 100]
 [100 100 100 100 100 100 100 100 100 100 100 100 100 100 100 100 100]
 [100 100 100 100 100 100 100 100 100 100 100 100 100 100 100 100 100]
 [100 100 100 100 100 100 100 100 100 100 100 100 100 100 100 100 100]]

m = 6 
[[100 100 100 100 100 100 100 100 100 100 100 100 100 100 100 100 100]
 [100 100 100 100 100   5 100 100 100 100 100 100 100 100 100 100 100]
 [100 100 100 100 100   5 100 100 100 100 100 100 100 100 100 100 100]
 [100 100 100 100 100   5 100 100 100 100 100 100 100 100 100 100 100]
 [100 100 100 100 100   5 100 100 100 100 100 100 100 100 100 100 100]
 [100 100 100 100 100 100 100 100 100 100 100 100 100 100 100 100 100]
 [100 100 100 100 100 100 100 100 100 100 100 100 100 100 100 100 100]
 [100 100 100 100 100 100 100 100 100 100 100 100 100 100 100 100 100]
 [100 100 100 100 100 100 100 100 100 100 100 100 100 100 100 100 100]
 [100 100 100 100 100 100 100 100 100 100 100 100 100 100 100 100 100]
 [100 100 100 100 100 100 100 100 100 100 100 100 100 100 100 100 100]
 [100 100 100 100 100 100 100 100 100 100 100 100 100 100 100 100 100]
 [100 100 100 100 100 100 100 100 100 100 100 100 100 100 100 100 100]
 [100 100 100 100 100 100 100 100 100 100 100 100 100 100 100 100 100]
 [100 100 100 100 100 100 100 100 100 100 100 100 100 100 100 100 100]
 [100 100 100 100 100 100 100 100 100 100 100 100 100 100 100 100 100]
 [100 100 100 100 100 100 100 100 100 100 100 100 100 100 100 100 100]]

m = 7 
[[100 100 100 100 100 100 100 100 100 100 100 100 100 100 100 100 100]
 [100 100 100 100 100   5   6 100 100 100 100 100 100 100 100 100 100]
 [100 100 100 100 100   5   6 100 100 100 100 100 100 100 100 100 100]
 [100 100 100 100 100   5   6 100 100 100 100 100 100 100 100 100 100]
 [100 100 100 100 100   5   6 100 100 100 100 100 100 100 100 100 100]
 [100 100 100 100 100 100 100 100 100 100 100 100 100 100 100 100 100]
 [100 100 100 100 100 100 100 100 100 100 100 100 100 100 100 100 100]
 [100 100 100 100 100 100 100 100 100 100 100 100 100 100 100 100 100]
 [100 100 100 100 100 100 100 100 100 100 100 100 100 100 100 100 100]
 [100 100 100 100 100 100 100 100 100 100 100 100 100 100 100 100 100]
 [100 100 100 100 100 100 100 100 100 100 100 100 100 100 100 100 100]
 [100 100 100 100 100 100 100 100 100 100 100 100 100 100 100 100 100]
 [100 100 100 100 100 100 100 100 100 100 100 100 100 100 100 100 100]
 [100 100 100 100 100 100 100 100 100 100 100 100 100 100 100 100 100]
 [100 100 100 100 100 100 100 100 100 100 100 100 100 100 100 100 100]
 [100 100 100 100 100 100 100 100 100 100 100 100 100 100 100 100 100]
 [100 100 100 100 100 100 100 100 100 100 100 100 100 100 100 100 100]]

m = 8 
[[100 100 100 100 100 100 100 100 100 100 100 100 100 100 100 100 100]
 [100 100 100 100 100   5   6   7 100 100 100 100 100 100 100 100 100]
 [100 100 100 100 100   5   6   7 100 100 100 100 100 100 100 100 100]
 [100 100 100 100 100   5   6   7 100 100 100 100 100 100 100 100 100]
 [100 100 100 100 100   5   6   7 100 100 100 100 100 100 100 100 100]
 [100 100 100 100 100 100 100 100 100 100 100 100 100 100 100 100 100]
 [100 100 100 100 100 100 100 100 100 100 100 100 100 100 100 100 100]
 [100 100 100 100 100 100 100 100 100 100 100 100 100 100 100 100 100]
 [100 100 100 100 100 100 100 100 100 100 100 100 100 100 100 100 100]
 [100 100 100 100 100 100 100 100 100 100 100 100 100 100 100 100 100]
 [100 100 100 100 100 100 100 100 100 100 100 100 100 100 100 100 100]
 [100 100 100 100 100 100 100 100 100 100 100 100 100 100 100 100 100]
 [100 100 100 100 100 100 100 100 100 100 100 100 100 100 100 100 100]
 [100 100 100 100 100 100 100 100 100 100 100 100 100 100 100 100 100]
 [100 100 100 100 100 100 100 100 100 100 100 100 100 100 100 100 100]
 [100 100 100 100 100 100 100 100 100 100 100 100 100 100 100 100 100]
 [100 100 100 100 100 100 100 100 100 100 100 100 100 100 100 100 100]]

m = 9 
[[100 100 100 100 100 100 100 100 100 100 100 100 100 100 100 100 100]
 [100 100 100 100 100   9   6   7   8 100 100 100 100 100 100 100 100]
 [100 100 100 100 100   5   5   6   8 100 100 100 100 100 100 100 100]
 [100 100 100 100 100   5   5   6   8 100 100 100 100 100 100 100 100]
 [100 100 100 100 100   5   5   6   8 100 100 100 100 100 100 100 100]
 [100 100 100 100 100 100 100 100 100 100 100 100 100 100 100 100 100]
 [100 100 100 100 100 100 100 100 100 100 100 100 100 100 100 100 100]
 [100 100 100 100 100 100 100 100 100 100 100 100 100 100 100 100 100]
 [100 100 100 100 100 100 100 100 100 100 100 100 100 100 100 100 100]
 [100 100 100 100 100 100 100 100 100 100 100 100 100 100 100 100 100]
 [100 100 100 100 100 100 100 100 100 100 100 100 100 100 100 100 100]
 [100 100 100 100 100 100 100 100 100 100 100 100 100 100 100 100 100]
 [100 100 100 100 100 100 100 100 100 100 100 100 100 100 100 100 100]
 [100 100 100 100 100 100 100 100 100 100 100 100 100 100 100 100 100]
 [100 100 100 100 100 100 100 100 100 100 100 100 100 100 100 100 100]
 [100 100 100 100 100 100 100 100 100 100 100 100 100 100 100 100 100]
 [100 100 100 100 100 100 100 100 100 100 100 100 100 100 100 100 100]]

m = 10 
[[100 100 100 100 100 100 100 100 100 100 100 100 100 100 100 100 100]
 [100 100 100 100 100  10   6   7   8  10 100 100 100 100 100 100 100]
 [100 100 100 100 100   5   5   6   8   9 100 100 100 100 100 100 100]
 [100 100 100 100 100   5   5   6   8   9 100 100 100 100 100 100 100]
 [100 100 100 100 100   5   5   6   8   9 100 100 100 100 100 100 100]
 [100 100 100 100 100 100 100 100 100 100 100 100 100 100 100 100 100]
 [100 100 100 100 100 100 100 100 100 100 100 100 100 100 100 100 100]
 [100 100 100 100 100 100 100 100 100 100 100 100 100 100 100 100 100]
 [100 100 100 100 100 100 100 100 100 100 100 100 100 100 100 100 100]
 [100 100 100 100 100 100 100 100 100 100 100 100 100 100 100 100 100]
 [100 100 100 100 100 100 100 100 100 100 100 100 100 100 100 100 100]
 [100 100 100 100 100 100 100 100 100 100 100 100 100 100 100 100 100]
 [100 100 100 100 100 100 100 100 100 100 100 100 100 100 100 100 100]
 [100 100 100 100 100 100 100 100 100 100 100 100 100 100 100 100 100]
 [100 100 100 100 100 100 100 100 100 100 100 100 100 100 100 100 100]
 [100 100 100 100 100 100 100 100 100 100 100 100 100 100 100 100 100]
 [100 100 100 100 100 100 100 100 100 100 100 100 100 100 100 100 100]]

m = 11 
[[100 100 100 100 100 100 100 100 100 100 100 100 100 100 100 100 100]
 [100 100 100 100 100  10   6   7   8  10  10 100 100 100 100 100 100]
 [100 100 100 100 100   5  11   6   8   9  10 100 100 100 100 100 100]
 [100 100 100 100 100   5   5   5   6   8  10 100 100 100 100 100 100]
 [100 100 100 100 100   5   5   5   6   8  10 100 100 100 100 100 100]
 [100 100 100 100 100 100 100 100 100 100 100 100 100 100 100 100 100]
 [100 100 100 100 100 100 100 100 100 100 100 100 100 100 100 100 100]
 [100 100 100 100 100 100 100 100 100 100 100 100 100 100 100 100 100]
 [100 100 100 100 100 100 100 100 100 100 100 100 100 100 100 100 100]
 [100 100 100 100 100 100 100 100 100 100 100 100 100 100 100 100 100]
 [100 100 100 100 100 100 100 100 100 100 100 100 100 100 100 100 100]
 [100 100 100 100 100 100 100 100 100 100 100 100 100 100 100 100 100]
 [100 100 100 100 100 100 100 100 100 100 100 100 100 100 100 100 100]
 [100 100 100 100 100 100 100 100 100 100 100 100 100 100 100 100 100]
 [100 100 100 100 100 100 100 100 100 100 100 100 100 100 100 100 100]
 [100 100 100 100 100 100 100 100 100 100 100 100 100 100 100 100 100]
 [100 100 100 100 100 100 100 100 100 100 100 100 100 100 100 100 100]]

m = 12 
[[100 100 100 100 100 100 100 100 100 100 100 100 100 100 100 100 100]
 [100 100 100 100 100  10   6   7   8  10  10  11 100 100 100 100 100]
 [100 100 100 100 100   5  12   6   8   9  10  12 100 100 100 100 100]
 [100 100 100 100 100   5   5   5   6   8  10  11 100 100 100 100 100]
 [100 100 100 100 100   5   5   5   6   8  10  11 100 100 100 100 100]
 [100 100 100 100 100 100 100 100 100 100 100 100 100 100 100 100 100]
 [100 100 100 100 100 100 100 100 100 100 100 100 100 100 100 100 100]
 [100 100 100 100 100 100 100 100 100 100 100 100 100 100 100 100 100]
 [100 100 100 100 100 100 100 100 100 100 100 100 100 100 100 100 100]
 [100 100 100 100 100 100 100 100 100 100 100 100 100 100 100 100 100]
 [100 100 100 100 100 100 100 100 100 100 100 100 100 100 100 100 100]
 [100 100 100 100 100 100 100 100 100 100 100 100 100 100 100 100 100]
 [100 100 100 100 100 100 100 100 100 100 100 100 100 100 100 100 100]
 [100 100 100 100 100 100 100 100 100 100 100 100 100 100 100 100 100]
 [100 100 100 100 100 100 100 100 100 100 100 100 100 100 100 100 100]
 [100 100 100 100 100 100 100 100 100 100 100 100 100 100 100 100 100]
 [100 100 100 100 100 100 100 100 100 100 100 100 100 100 100 100 100]]

m = 13 
[[100 100 100 100 100 100 100 100 100 100 100 100 100 100 100 100 100]
 [100 100 100 100 100  10   6   7   8  10  10  11  12 100 100 100 100]
 [100 100 100 100 100   5  12   6   8   9  10  12  12 100 100 100 100]
 [100 100 100 100 100   5   5  13   6   8  10  11  12 100 100 100 100]
 [100 100 100 100 100   5   5   5   5   6   8  10  12 100 100 100 100]
 [100 100 100 100 100 100 100 100 100 100 100 100 100 100 100 100 100]
 [100 100 100 100 100 100 100 100 100 100 100 100 100 100 100 100 100]
 [100 100 100 100 100 100 100 100 100 100 100 100 100 100 100 100 100]
 [100 100 100 100 100 100 100 100 100 100 100 100 100 100 100 100 100]
 [100 100 100 100 100 100 100 100 100 100 100 100 100 100 100 100 100]
 [100 100 100 100 100 100 100 100 100 100 100 100 100 100 100 100 100]
 [100 100 100 100 100 100 100 100 100 100 100 100 100 100 100 100 100]
 [100 100 100 100 100 100 100 100 100 100 100 100 100 100 100 100 100]
 [100 100 100 100 100 100 100 100 100 100 100 100 100 100 100 100 100]
 [100 100 100 100 100 100 100 100 100 100 100 100 100 100 100 100 100]
 [100 100 100 100 100 100 100 100 100 100 100 100 100 100 100 100 100]
 [100 100 100 100 100 100 100 100 100 100 100 100 100 100 100 100 100]]

m = 14 
[[100 100 100 100 100 100 100 100 100 100 100 100 100 100 100 100 100]
 [100 100 100 100 100  10   6   7   8  10  10  11  12  13 100 100 100]
 [100 100 100 100 100   5  12   6   8   9  10  12  12  13 100 100 100]
 [100 100 100 100 100   5   5  14   6   8  10  11  12  14 100 100 100]
 [100 100 100 100 100   5   5   5   5   6   8  10  12  13 100 100 100]
 [100 100 100 100 100 100 100 100 100 100 100 100 100 100 100 100 100]
 [100 100 100 100 100 100 100 100 100 100 100 100 100 100 100 100 100]
 [100 100 100 100 100 100 100 100 100 100 100 100 100 100 100 100 100]
 [100 100 100 100 100 100 100 100 100 100 100 100 100 100 100 100 100]
 [100 100 100 100 100 100 100 100 100 100 100 100 100 100 100 100 100]
 [100 100 100 100 100 100 100 100 100 100 100 100 100 100 100 100 100]
 [100 100 100 100 100 100 100 100 100 100 100 100 100 100 100 100 100]
 [100 100 100 100 100 100 100 100 100 100 100 100 100 100 100 100 100]
 [100 100 100 100 100 100 100 100 100 100 100 100 100 100 100 100 100]
 [100 100 100 100 100 100 100 100 100 100 100 100 100 100 100 100 100]
 [100 100 100 100 100 100 100 100 100 100 100 100 100 100 100 100 100]
 [100 100 100 100 100 100 100 100 100 100 100 100 100 100 100 100 100]]

m = 15 
[[100 100 100 100 100 100 100 100 100 100 100 100 100 100 100 100 100]
 [100 100 100 100 100  10   6   7   8  10  10  11  12  13  14 100 100]
 [100 100 100 100 100   5  12   6   8   9  10  12  12  13  14 100 100]
 [100 100 100 100 100   5   5  14   6   8  10  11  12  14  14 100 100]
 [100 100 100 100 100   5   5   5  15   6   8  10  12  13  14 100 100]
 [100 100 100 100 100 100 100 100 100 100 100 100 100 100 100 100 100]
 [100 100 100 100 100 100 100 100 100 100 100 100 100 100 100 100 100]
 [100 100 100 100 100 100 100 100 100 100 100 100 100 100 100 100 100]
 [100 100 100 100 100 100 100 100 100 100 100 100 100 100 100 100 100]
 [100 100 100 100 100 100 100 100 100 100 100 100 100 100 100 100 100]
 [100 100 100 100 100 100 100 100 100 100 100 100 100 100 100 100 100]
 [100 100 100 100 100 100 100 100 100 100 100 100 100 100 100 100 100]
 [100 100 100 100 100 100 100 100 100 100 100 100 100 100 100 100 100]
 [100 100 100 100 100 100 100 100 100 100 100 100 100 100 100 100 100]
 [100 100 100 100 100 100 100 100 100 100 100 100 100 100 100 100 100]
 [100 100 100 100 100 100 100 100 100 100 100 100 100 100 100 100 100]
 [100 100 100 100 100 100 100 100 100 100 100 100 100 100 100 100 100]]

m = 16 
[[100 100 100 100 100 100 100 100 100 100 100 100 100 100 100 100 100]
 [100 100 100 100 100  10   6   7   8  10  10  11  12  13  14  15 100]
 [100 100 100 100 100   5  12   6   8   9  10  12  12  13  14  15 100]
 [100 100 100 100 100   5   5  14   6   8  10  11  12  14  14  15 100]
 [100 100 100 100 100   5   5   5  16   6   8  10  12  13  14  16 100]
 [100 100 100 100 100 100 100 100 100 100 100 100 100 100 100 100 100]
 [100 100 100 100 100 100 100 100 100 100 100 100 100 100 100 100 100]
 [100 100 100 100 100 100 100 100 100 100 100 100 100 100 100 100 100]
 [100 100 100 100 100 100 100 100 100 100 100 100 100 100 100 100 100]
 [100 100 100 100 100 100 100 100 100 100 100 100 100 100 100 100 100]
 [100 100 100 100 100 100 100 100 100 100 100 100 100 100 100 100 100]
 [100 100 100 100 100 100 100 100 100 100 100 100 100 100 100 100 100]
 [100 100 100 100 100 100 100 100 100 100 100 100 100 100 100 100 100]
 [100 100 100 100 100 100 100 100 100 100 100 100 100 100 100 100 100]
 [100 100 100 100 100 100 100 100 100 100 100 100 100 100 100 100 100]
 [100 100 100 100 100 100 100 100 100 100 100 100 100 100 100 100 100]
 [100 100 100 100 100 100 100 100 100 100 100 100 100 100 100 100 100]]