
 Note: top row and left column are buffers to account for 1-based indexing
 and values of 100 are null


s = abcadbabcabyc
j = 7

======================= A =======================


m = 1 
[[100 100 100 100 100 100 100 100 100 100 100 100 100 100]
 [100 100 100 100 100 100 100 100 100 100 100 100 100 100]
 [100 100 100 100 100 100 100 100 100 100 100 100 100 100]
 [100 100 100 100 100 100 100 100 100 100 100 100 100 100]
 [100 100 100 100 100 100 100 100 100 100 100 100 100 100]
 [100 100 100 100 100 100 100 100 100 100 100 100 100 100]
 [100 100 100 100 100 100 100 100 100 100 100 100 100 100]
 [100 100 100 100 100 100 100 100 100 100 100 100 100 100]
 [100 100 100 100 100 100 100 100 100 100 100 100 100 100]
 [100 100 100 100 100 100 100 100 100 100 100 100 100 100]
 [100 100 100 100 100 100 100 100 100 100 100 100 100 100]
 [100 100 100 100 100 100 100 100 100 100 100 100 100 100]
 [100 100 100 100 100 100 100 100 100 100 100 100 100 100]
 [100 100 100 100 100 100 100 100 100 100 100 100 100 100]]

m = 2 
[[100 100 100 100 100 100 100 100 100 100 100 100 100 100]
 [100 100 100 100 100 100 100 100 100 100 100 100 100 100]
 [100 100 100 100 100 100 100 100 100 100 100 100 100 100]
 [100 100 100 100 100 100 100 100 100 100 100 100 100 100]
 [100 100 100 100 100 100 100 100 100 100 100 100 100 100]
 [100 100 100 100 100 100 100 100 100 100 100 100 100 100]
 [100 100 100 100 100 100 100 100 100 100 100 100 100 100]
 [100 100 100 100 100 100 100 100 100 100 100 100 100 100]
 [100 100 100 100 100 100 100 100 100 100 100 100 100 100]
 [100 100 100 100 100 100 100 100 100 100 100 100 100 100]
 [100 100 100 100 100 100 100 100 100 100 100 100 100 100]
 [100 100 100 100 100 100 100 100 100 100 100 100 100 100]
 [100 100 100 100 100 100 100 100 100 100 100 100 100 100]
 [100 100 100 100 100 100 100 100 100 100 100 100 100 100]]

m = 3 
[[100 100 100 100 100 100 100 100 100 100 100 100 100 100]
 [100 100 100 100 100 100 100 100 100 100 100 100 100 100]
 [100 100 100 100 100 100 100 100 100 100 100 100 100 100]
 [100 100 100 100 100 100 100 100 100 100 100 100 100 100]
 [100 100 100 100 100 100 100 100 100 100 100 100 100 100]
 [100 100 100 100 100 100 100 100 100 100 100 100 100 100]
 [100 100 100 100 100 100 100 100 100 100 100 100 100 100]
 [100 100 100 100 100 100 100 100 100 100 100 100 100 100]
 [100 100 100 100 100 100 100 100 100 100 100 100 100 100]
 [100 100 100 100 100 100 100 100 100 100 100 100 100 100]
 [100 100 100 100 100 100 100 100 100 100 100 100 100 100]
 [100 100 100 100 100 100 100 100 100 100 100 100 100 100]
 [100 100 100 100 100 100 100 100 100 100 100 100 100 100]
 [100 100 100 100 100 100 100 100 100 100 100 100 100 100]]

m = 4 
[[100 100 100 100 100 100 100 100 100 100 100 100 100 100]
 [100 100 100 100 100 100 100 100 100 100 100 100 100 100]
 [100 100 100 100 100 100 100 100 100 100 100 100 100 100]
 [100 100 100 100 100 100 100 100 100 100 100 100 100 100]
 [100 100 100 100 100 100 100 100 100 100 100 100 100 100]
 [100 100 100 100 100 100 100 100 100 100 100 100 100 100]
 [100 100 100 100 100 100 100 100 100 100 100 100 100 100]
 [100 100 100 100 100 100 100 100 100 100 100 100 100 100]
 [100 100 100 100 100 100 100 100 100 100 100 100 100 100]
 [100 100 100 100 100 100 100 100 100 100 100 100 100 100]
 [100 100 100 100 100 100 100 100 100 100 100 100 100 100]
 [100 100 100 100 100 100 100 100 100 100 100 100 100 100]
 [100 100 100 100 100 100 100 100 100 100 100 100 100 100]
 [100 100 100 100 100 100 100 100 100 100 100 100 100 100]]

m = 5 
[[100 100 100 100 100 100 100 100 100 100 100 100 100 100]
 [100 100 100 100 100 100 100 100 100 100 100 100 100 100]
 [100 100 100 100 100 100 100 100 100 100 100 100 100 100]
 [100 100 100 100 100 100 100 100 100 100 100 100 100 100]
 [100 100 100 100 100 100 100 100 100 100 100 100 100 100]
 [100 100 100 100 100 100 100 100 100 100 100 100 100 100]
 [100 100 100 100 100 100 100 100 100 100 100 100 100 100]
 [100 100 100 100 100 100 100 100 100 100 100 100 100 100]
 [100 100 100 100 100 100 100 100 100 100 100 100 100 100]
 [100 100 100 100 100 100 100 100 100 100 100 100 100 100]
 [100 100 100 100 100 100 100 100 100 100 100 100 100 100]
 [100 100 100 100 100 100 100 100 100 100 100 100 100 100]
 [100 100 100 100 100 100 100 100 100 100 100 100 100 100]
 [100 100 100 100 100 100 100 100 100 100 100 100 100 100]]

m = 6 
[[100 100 100 100 100 100 100 100 100 100 100 100 100 100]
 [100 100 100 100 100 100 100 100 100 100 100 100 100 100]
 [100 100 100 100 100 100 100 100 100 100 100 100 100 100]
 [100 100 100 100 100 100 100 100 100 100 100 100 100 100]
 [100 100 100 100 100 100 100 100 100 100 100 100 100 100]
 [100 100 100 100 100 100 100 100 100 100 100 100 100 100]
 [100 100 100 100 100 100 100 100 100 100 100 100 100 100]
 [100 100 100 100 100 100 100 100 100 100 100 100 100 100]
 [100 100 100 100 100 100 100 100 100 100 100 100 100 100]
 [100 100 100 100 100 100 100 100 100 100 100 100 100 100]
 [100 100 100 100 100 100 100 100 100 100 100 100 100 100]
 [100 100 100 100 100 100 100 100 100 100 100 100 100 100]
 [100 100 100 100 100 100 100 100 100 100 100 100 100 100]
 [100 100 100 100 100 100 100 100 100 100 100 100 100 100]]

m = 7 
[[100 100 100 100 100 100 100 100 100 100 100 100 100 100]
 [100 100 100 100 100 100 100 100 100 100 100 100 100 100]
 [100 100 100 100 100 100 100 100 100 100 100 100 100 100]
 [100 100 100 100 100 100 100 100 100 100 100 100 100 100]
 [100 100 100 100 100 100 100 100 100 100 100 100 100 100]
 [100 100 100 100 100 100 100 100 100 100 100 100 100 100]
 [100 100 100 100 100 100 100 100 100 100 100 100 100 100]
 [100 100 100 100 100 100 100 100 100 100 100 100 100 100]
 [100 100 100 100 100 100 100 100 100 100 100 100 100 100]
 [100 100 100 100 100 100 100 100 100 100 100 100 100 100]
 [100 100 100 100 100 100 100 100 100 100 100 100 100 100]
 [100 100 100 100 100 100 100 100 100 100 100 100 100 100]
 [100 100 100 100 100 100 100 100 100 100 100 100 100 100]
 [100 100 100 100 100 100 100 100 100 100 100 100 100 100]]

m = 8 
[[100 100 100 100 100 100 100 100 100 100 100 100 100 100]
 [100 100 100 100 100 100 100   0 100 100 100 100 100 100]
 [100 100 100 100 100 100 100   0 100 100 100 100 100 100]
 [100 100 100 100 100 100 100   0 100 100 100 100 100 100]
 [100 100 100 100 100 100 100   0 100 100 100 100 100 100]
 [100 100 100 100 100 100 100   0 100 100 100 100 100 100]
 [100 100 100 100 100 100 100   0 100 100 100 100 100 100]
 [100 100 100 100 100 100 100 100 100 100 100 100 100 100]
 [100 100 100 100 100 100 100 100 100 100 100 100 100 100]
 [100 100 100 100 100 100 100 100 100 100 100 100 100 100]
 [100 100 100 100 100 100 100 100 100 100 100 100 100 100]
 [100 100 100 100 100 100 100 100 100 100 100 100 100 100]
 [100 100 100 100 100 100 100 100 100 100 100 100 100 100]
 [100 100 100 100 100 100 100 100 100 100 100 100 100 100]]

m = 9 
[[100 100 100 100 100 100 100 100 100 100 100 100 100 100]
 [100 100 100 100 100 100 100   0   0 100 100 100 100 100]
 [100 100 100 100 100 100 100   0   0 100 100 100 100 100]
 [100 100 100 100 100 100 100   0   0 100 100 100 100 100]
 [100 100 100 100 100 100 100   0   0 100 100 100 100 100]
 [100 100 100 100 100 100 100   0   0 100 100 100 100 100]
 [100 100 100 100 100 100 100   0   0 100 100 100 100 100]
 [100 100 100 100 100 100 100 100 100 100 100 100 100 100]
 [100 100 100 100 100 100 100 100 100 100 100 100 100 100]
 [100 100 100 100 100 100 100 100 100 100 100 100 100 100]
 [100 100 100 100 100 100 100 100 100 100 100 100 100 100]
 [100 100 100 100 100 100 100 100 100 100 100 100 100 100]
 [100 100 100 100 100 100 100 100 100 100 100 100 100 100]
 [100 100 100 100 100 100 100 100 100 100 100 100 100 100]]

m = 10 
[[100 100 100 100 100 100 100 100 100 100 100 100 100 100]
 [100 100 100 100 100 100 100  10   0   0 100 100 100 100]
 [100 100 100 100 100 100 100   0   0   0 100 100 100 100]
 [100 100 100 100 100 100 100   0   0   0 100 100 100 100]
 [100 100 100 100 100 100 100   0   0   0 100 100 100 100]
 [100 100 100 100 100 100 100   0   0   0 100 100 100 100]
 [100 100 100 100 100 100 100   0   0   0 100 100 100 100]
 [100 100 100 100 100 100 100 100 100 100 100 100 100 100]
 [100 100 100 100 100 100 100 100 100 100 100 100 100 100]
 [100 100 100 100 100 100 100 100 100 100 100 100 100 100]
 [100 100 100 100 100 100 100 100 100 100 100 100 100 100]
 [100 100 100 100 100 100 100 100 100 100 100 100 100 100]
 [100 100 100 100 100 100 100 100 100 100 100 100 100 100]
 [100 100 100 100 100 100 100 100 100 100 100 100 100 100]]

m = 11 
[[100 100 100 100 100 100 100 100 100 100 100 100 100 100]
 [100 100 100 100 100 100 100  10   0   0   0 100 100 100]
 [100 100 100 100 100 100 100   0  11   0   0 100 100 100]
 [100 100 100 100 100 100 100   0   0   0   0 100 100 100]
 [100 100 100 100 100 100 100   0   0   0   0 100 100 100]
 [100 100 100 100 100 100 100   0   0   0   0 100 100 100]
 [100 100 100 100 100 100 100   0   0   0   0 100 100 100]
 [100 100 100 100 100 100 100 100 100 100 100 100 100 100]
 [100 100 100 100 100 100 100 100 100 100 100 100 100 100]
 [100 100 100 100 100 100 100 100 100 100 100 100 100 100]
 [100 100 100 100 100 100 100 100 100 100 100 100 100 100]
 [100 100 100 100 100 100 100 100 100 100 100 100 100 100]
 [100 100 100 100 100 100 100 100 100 100 100 100 100 100]
 [100 100 100 100 100 100 100 100 100 100 100 100 100 100]]

m = 12 
[[100 100 100 100 100 100 100 100 100 100 100 100 100 100]
 [100 100 100 100 100 100 100  10   0   0   0   0 100 100]
 [100 100 100 100 100 100 100   0  11   0   0   0 100 100]
 [100 100 100 100 100 100 100   0   0   0   0   0 100 100]
 [100 100 100 100 100 100 100   0   0   0   0   0 100 100]
 [100 100 100 100 100 100 100   0   0   0   0   0 100 100]
 [100 100 100 100 100 100 100   0   0   0   0   0 100 100]
 [100 100 100 100 100 100 100 100 100 100 100 100 100 100]
 [100 100 100 100 100 100 100 100 100 100 100 100 100 100]
 [100 100 100 100 100 100 100 100 100 100 100 100 100 100]
 [100 100 100 100 100 100 100 100 100 100 100 100 100 100]
 [100 100 100 100 100 100 100 100 100 100 100 100 100 100]
 [100 100 100 100 100 100 100 100 100 100 100 100 100 100]
 [100 100 100 100 100 100 100 100 100 100 100 100 100 100]]

m = 13 
[[100 100 100 100 100 100 100 100 100 100 100 100 100 100]
 [100 100 100 100 100 100 100  10   0   0   0   0   0 100]
 [100 100 100 100 100 100 100   0  11   0   0   0   0 100]
 [100 100 100 100 100 100 100   0   0  13   0   0   0 100]
 [100 100 100 100 100 100 100   0   0   0   0   0   0 100]
 [100 100 100 100 100 100 100   0   0   0   0   0   0 100]
 [100 100 100 100 100 100 100   0   0   0   0   0   0 100]
 [100 100 100 100 100 100 100 100 100 100 100 100 100 100]
 [100 100 100 100 100 100 100 100 100 100 100 100 100 100]
 [100 100 100 100 100 100 100 100 100 100 100 100 100 100]
 [100 100 100 100 100 100 100 100 100 100 100 100 100 100]
 [100 100 100 100 100 100 100 100 100 100 100 100 100 100]
 [100 100 100 100 100 100 100 100 100 100 100 100 100 100]
 [100 100 100 100 100 100 100 100 100 100 100 100 100 100]]